000000000110101010000000000000000011111111111111000000
000000000000000000000000000000000000000000000000000
111111111111111111111000000000010 1 01010 10101 010101
 000 000 0 0000000000000000000000000000000000000000 0000000
000000000000000001111111111111110 101010 1 01 0
 000 00 00 0 000000000000000000000
00000000001111111111111100000000
00000000000000000000000000000000000000000
00000011111111111111111111111000000000010 1
 00000 00000 000000 000 000 0 00000000000000000000
10000000000000000001 000000000000000000000000111111111
0000000 000000 0 00 0 000 00 00 0 00000000000000000000000
000000001111111111111100000000000111111111111000000
0000000000000000000
00000001111111111111111111111100000000
0000 0 00000 00000 000000 000 000 0 00000
11111111111111110000000000000000001 000000000000000000
0000000000000000000000 000000 0 00 0 000 00 00 0 00000000

