01010101101011010101011
01010101101011010101011
01010101101011010101011
01011111110010100000110
101001111110100100101001
1001010110010101010101001
100111110101110101001001
010110101011110101010010
101010001010100100100101
0101010100101001001010101
1010010101010101010101010
01011111110010100000110
101001111110100100101001
1001010110010101010101001
100111110101110101001001
010110101011110101010010
101010001010100100100101
0101010100101001001010101
1010010101010101010101010
01011111110010100000110
101001111110100100101001
1001010110010101010101001
100111110101110101001001
010110101011110101010010
101010001010100100100101
0101010100101001001010101
1010010101010101010101010
